3
3047
1397 469 164.9 
173 70 161.3 
102 50 174.7 
427 202 194.8 
57 26 144.4 
428 152 176 
250 97 175.9 
146 71 183.6 
88 36 190.5 
4025 1380 177.8 
113 36 121.4 
740 269 172.7 
55 26 188.3 
3438 1118 165.3 
2265 901 171 
251 106 174.2 
1390 483 169.9 
32 12 153.8 
305 120 162.8 
1081 367 163.3 
134 50 140.8 
958 403 169.4 
94 41 189.7 
499 215 206.1 
152 70 236.7 
80 40 196.3 
164 69 186.2 
564 237 194 
50 25 226.5 
70 26 212.9 
25 19 185.6 
280 137 217 
45 21 209.9 
58 22 128 
250 103 195.1 
145 66 212.1 
218 85 184.1 
68 29 153 
449 192 206.7 
182 78 194.2 
245 101 178.2 
1285 539 205.4 
124 50 218.4 
139 60 226.9 
245 113 240.1 
137 70 234.8 
373 144 188.8 
208 87 184.6 
168 78 209.5 
418 184 210 
170 76 198.4 
163 76 240.8 
382 132 155.9 
86 39 190.7 
105 52 209.7 
160 72 199.8 
308 123 184.4 
45 19 139.8 
45 21 213.3 
50 23 176.8 
183 73 169.8 
328 114 171.5 
482 206 198.2 
161 68 168.6 
72 32 214.7 
89 41 204 
76 36 170.4 
87 39 172.2 
56 19 168.1 
61 27 199.1 
142 60 189.5 
236 102 183.8 
65 33 259.5 
120 50 202.6 
35 14 185.8 
554 217 185.5 
134 69 235.4 
164 73 206 
90 45 217.5 
254 112 168.4 
88 42 171.7 
1214 406 158.6 
71 33 166.4 
103 50 190.1 
238 79 157.9 
356 123 160.1 
184 70 157.6 
323 123 176.6 
109 43 176.4 
2015 707 153.8 
463 201 178.9 
208 77 158.7 
187 104 192.8 
177 72 155.6 
454 177 163.4 
23 13 171.9 
579 206 159.4 
68 25 166.4 
257 108 166.9 
187 74 158.4 
89 32 152.3 
29 15 169.9 
20 10 187.4 
16 10 138.2 
40 13 120.2 
30 14 215 
24 12 156.3 
104 39 159.2 
39 15 142.1 
31 12 162.7 
72 33 164.7 
1962.667684 62 211 
1962.667684 3120 167.7 
1962.667684 108 145.2 
1962.667684 55 143.2 
1962.667684 4 262.1 
1962.667684 4 178.7 
1962.667684 27 191.5 
1962.667684 7 123.8 
1962.667684 9 127.4 
1962.667684 124 195.7 
1962.667684 20 254.3 
1962.667684 154 213.5 
1962.667684 9 121.8 
1962.667684 7 132.6 
1962.667684 727 166 
1962.667684 23 188.4 
1962.667684 145 193.5 
411 151 182.6 
360 133 168.8 
452 156 162.8 
223 93 181.6 
487 178 155 
2075 694 163.2 
879 309 173.1 
1758 570 172.2 
643 227 177.6 
273 102 171.9 
1624 584 179.5 
5164 1722 147.3 
2768 914 171.6 
2963 1039 182.8 
847 314 193.1 
847 317 189.6 
3553 1272 161.8 
1691 602 193.5 
2353 876 152.6 
731 210 145.1 
1997 648 160.3 
3980 1357 156.7 
3887 1269 168.6 
2795 884 150.3 
4355 1607 174.2 
2305 827 159.1 
415 164 194.8 
1673 549 153.3 
822 281 176.4 
2663 909 155.6 
623 227 175.1 
2820 1031 147.1 
28 10 164.7 
272 123 164.5 
109 42 146.5 
76 30 139.9 
153 66 143.8 
14 8 243.6 
799 319 150.8 
239 107 170.8 
166 76 159.4 
21 8 142.8 
22 11 166.3 
214 99 166.2 
117 41 123.4 
94 27 114.5 
144 64 181.8 
205 82 137.7 
25 10 134.3 
286 122 161.1 
56 27 190.6 
164 71 155.5 
68 32 163.5 
564 188 135.7 
435 166 136.7 
125 57 158.2 
691 231 126.1 
100 47 190.3 
84 34 167.8 
154 62 135.2 
108 32 164.3 
18 9 151.6 
334 133 163.1 
1775 637 176.1 
282 105 177.2 
5834 2059 162 
1235 442 163.6 
515 171 167.9 
465 163 158.6 
950 315 173.2 
559 214 183.8 
337 121 180.3 
335 155 194.2 
12 5 111.3 
205 88 200.6 
410 159 149 
38 18 180.3 
108 41 195.7 
90 32 187.4 
101 48 190.6 
107 73 224.2 
862 283 136.5 
183 77 191 
70 33 189.8 
84 31 169.8 
72 27 157.1 
216 109 213.7 
100 43 206.9 
309 120 153.3 
120 44 194.3 
94 39 201.4 
103 48 227.1 
107 49 190.5 
106 44 201.5 
225 82 177.3 
137 65 199.2 
97 52 178.3 
346 156 176.8 
145 52 175.1 
99 48 188.8 
155 59 172.1 
1142 407 150.1 
189 91 185.8 
44 17 149.6 
57 22 176.2 
493 204 155.9 
115 58 159.2 
378 157 156.1 
137 81 212 
110 69 196.1 
235 104 171.4 
171 92 202.4 
97 43 181.8 
518 191 172.5 
460 160 175.6 
40 17 182.2 
72 30 208.4 
224 127 208.1 
178 84 202.5 
312 136 176.7 
121 49 179.9 
176 106 223.4 
171 71 175.9 
272 103 152.3 
405 165 135.4 
64 58 226.6 
46 19 240.8 
250 60 178.2 
995 378 182.2 
117 43 159.3 
320 130 207.4 
55 16 137.6 
51 25 221.7 
120 39 180.3 
709 270 190.3 
190 51 150.5 
139 65 244.9 
391 165 194.5 
108 41 155.2 
773 321 191.9 
985 393 193.6 
22 9 197.3 
249 88 224.4 
67 24 159.2 
489 229 218.1 
51 21 193.1 
948 406 200.2 
576 235 201.2 
162 63 186.6 
181 64 176.1 
406 169 199.3 
1825 688 168.1 
157 58 210.5 
135 23 162.1 
117 59 192.8 
54 21 135.7 
112 60 188.3 
814 296 163.9 
399 144 154.7 
575 235 181.3 
1859 771 178.2 
30 14 194.4 
571 240 184.1 
194 70 157.4 
41 19 161.1 
230 86 163.5 
11 4 115 
362 149 173.1 
489 189 194.6 
505 165 143.5 
273 91 154.9 
8999 2939 152.7 
187 79 170.7 
211 94 203.8 
286 125 149.1 
88 40 178.6 
204 101 178.5 
136 70 172.2 
523 229 178.6 
211 76 168 
2484 940 192.1 
195 83 196.5 
84 55 195.2 
551 168 151.8 
219 86 168.3 
230 111 187.5 
153 67 155.4 
228 100 181.6 
1352 435 165.5 
275 110 173 
186 93 193.4 
72 41 167.6 
260 105 180.1 
883 372 193.8 
1199 454 171 
103 45 200.7 
2809 965 160.2 
12 5 113.5 
78 42 213.1 
492 189 186.7 
138 54 132.5 
512 217 177.6 
855 316 162.7 
33 16 175.3 
75 31 160.3 
4974 1809 177.8 
186 72 180 
343 141 168.7 
144 82 190.2 
222 89 177.2 
108 70 185 
436 160 154.4 
84 39 190.2 
652 325 182.8 
348 137 184.5 
88 37 207.6 
975 379 189.2 
236 120 197 
6825 2231 159.6 
128 54 153.3 
134 62 177 
49 22 171.1 
165 60 193.7 
59 30 199.5 
145 64 194.7 
1060 384 142.2 
99 44 171.8 
228 97 201.8 
1160 439 175.3 
953 382 189.5 
293 134 178.9 
209 102 170.6 
54 29 213.7 
421 157 184.9 
323 131 181.9 
385 168 188.2 
1490 494 157 
10411 3927 197.9 
212 84 199.2 
1962.667684 50 164.1 
1962.667684 497 167.9 
1962.667684 86 189.3 
1962.667684 79 162.6 
1962.667684 63 155.3 
489 169 182.1 
418 159 171.5 
282 100 181.4 
320 116 160.7 
1662 569 164.8 
6146 2183 183.3 
255 97 164.5 
274 105 180.9 
354 134 183.4 
388 141 181.6 
338 128 187.3 
45 17 194.2 
404 134 150.9 
554 196 177 
11217 3824 153.8 
154 59 173.6 
345 133 172 
428 150 174.2 
4243 1507 169.5 
326 115 170.1 
8450 2549 145.8 
8072 2584 145.2 
1385 506 177.1 
1470 542 173.9 
2820 1011 180.4 
657 228 162.9 
1860 628 173.6 
252 95 184.2 
34 15 205 
828 313 181 
213 84 177.2 
745 288 184.9 
65 30 205.2 
298 119 182.2 
398 150 194 
412 147 165.7 
279 107 181.8 
243 93 161.4 
117 42 143.7 
164 61 177 
3590 1216 158.6 
105 45 180.9 
154 54 153.3 
648 240 160.3 
511 215 189 
1007 387 164 
145 61 189.9 
588 206 179.9 
540 183 157.3 
107 33 151.3 
214 93 203.9 
298 112 169.8 
82 33 159.5 
230 98 198.1 
689 255 171.8 
144 58 156.1 
823 293 177.5 
265 113 205.3 
554 253 193 
622 237 194.3 
822 315 189.8 
401 163 174.8 
333 136 183.6 
203 80 189.6 
370 138 180.6 
280 114 184.5 
453 196 198.1 
93 39 215.3 
225 85 137 
24 13 222.3 
783 273 158.6 
257 106 198.5 
3500 1126 155.3 
132 57 185.4 
83 33 167.9 
207 69 136 
611 258 191.3 
404 173 183.5 
431 193 199.1 
219 89 179.7 
134 49 178.6 
17 6 140 
76 31 173.1 
32 12 169.9 
43 19 174.1 
22 12 209.3 
14 5 166.8 
403 137 141.6 
622 198 143.4 
28 13 170.7 
26 12 126 
11 4 93.8 
17 7 127.1 
20 10 227.6 
24 11 166.9 
26 10 174.5 
10 5 205.2 
277 99 162.5 
18 8 147.3 
22 11 232.3 
19 8 160.3 
13 4 104.8 
27 10 134.7 
11 4 108.8 
36 13 148.3 
22 8 125.9 
19 9 124.6 
70 22 153.1 
55 17 151.9 
160 56 165.2 
42 17 196.8 
23 13 205.3 
9 3 137.6 
43 22 177 
26 10 106.5 
67 27 164.9 
35 16 181.4 
14 6 151.7 
90 28 137.7 
61 26 216.9 
31 11 188.2 
9 4 124.8 
15 6 259.1 
126 43 131.8 
10 4 117.6 
130 53 172.5 
19 7 169.4 
53 19 158 
266 99 178.3 
1072 424 174.3 
220 98 195.9 
116 51 201.7 
119 60 212.3 
370 156 194.7 
887 375 166.2 
210 102 198.2 
68 33 214 
27 15 202.4 
146 66 167.6 
63 38 229 
104 46 170.4 
76 27 137.6 
98 54 228.7 
189 83 188.5 
51 18 163.4 
120 62 210 
120 47 167.2 
374 187 191 
296 134 195.3 
190 117 242.9 
93 51 230.9 
53 28 250 
146 63 194 
73 31 186.9 
98 42 190.6 
455 173 174 
92 48 201.6 
78 35 175 
665 292 196.4 
106 39 190.5 
197 94 194.5 
102 50 185 
174 83 200.3 
87 36 190.8 
71 37 220.6 
196 77 170.1 
93 42 184.1 
119 52 233 
435 175 204.1 
116 52 176.9 
39 22 195.2 
102 51 213.5 
50 29 217.6 
61 29 194.4 
85 38 196 
68 36 205.5 
125 66 221.2 
331 135 204.9 
77 39 195.3 
126 61 213.7 
206 104 212.3 
194 112 236.4 
61 28 229.9 
58 24 146.2 
48 25 210.7 
250 102 173.3 
48 24 203.6 
148 69 198.5 
65 29 209.9 
110 62 248.7 
58 27 184.3 
145 76 247.1 
116 57 187.2 
313 138 207.1 
55 25 196.7 
1908 739 182.7 
317 140 190.5 
103 54 212.5 
113 59 202.9 
590 218 169 
60 30 207.4 
57 29 219.4 
583 258 187.5 
68 31 179.5 
134 56 190.4 
81 36 171.7 
255 116 218.7 
113 51 178.9 
756 303 173.1 
406 174 201.4 
50 22 215.9 
117 56 207.9 
6282 2236 147.7 
279 105 166.6 
1296 500 178.7 
298 116 157.4 
84 32 153.3 
75 33 211.9 
5182 1744 151.5 
142 60 185.4 
1038 342 151.5 
3367 1260 152.8 
135 51 165.2 
696 273 177.4 
606 207 130.3 
111 40 138.1 
2899 1078 161.3 
161 60 156.8 
325 121 159.7 
12 5 126.9 
141 57 174.6 
9 3 130.6 
46 17 129.5 
18 6 198.6 
35 12 188.8 
463 173 158.9 
39 14 196.6 
98 31 140.9 
29 10 151.2 
36 16 171.7 
43 16 161 
238 93 151.6 
53 21 170.1 
53 19 182.6 
46 15 164.6 
82 29 151.3 
24 12 165 
193 79 171.4 
64 16 127.4 
25 10 165.6 
42 16 164.9 
30 11 174.2 
46 15 129.5 
13 5 149.4 
6 3 214.4 
812 300 168.9 
179 63 157.5 
46 16 139 
41 15 171.1 
61 23 159 
13 5 135.2 
19 9 156 
203 75 159.1 
53 24 201.4 
47 21 167.3 
140 59 193.1 
45 19 120 
27 11 172.1 
33 14 148.7 
54 16 122.2 
44 14 148.9 
45 19 163 
50 19 128.3 
68 29 159.7 
81 36 177.8 
40 19 155.4 
109 40 139.7 
13 4 104.6 
36 15 168.3 
236 94 177.9 
2341 879 179.7 
13 6 151.9 
37 15 150.3 
18 7 119.2 
16 5 127.2 
37 13 145.5 
146 57 165.2 
16 5 128.2 
17 6 141 
14 6 187.4 
17 7 149 
300 108 160.8 
48 20 155.8 
25 14 223.9 
24 9 183.7 
62 26 155.3 
38 14 155.2 
46 27 201.3 
30 14 185.6 
39 13 136.4 
52 21 161.3 
25 13 203.8 
60 25 161.7 
1163 422 153.5 
200 78 167 
192 69 161.2 
48 18 163.6 
30 9 131.6 
22 9 141.8 
39 18 164.7 
32 14 154.3 
85 34 149.1 
21 9 171.1 
15 7 147.5 
50 23 173.5 
41 16 159.5 
159 60 155.1 
34 16 187.7 
66 29 172.7 
58 29 192.2 
11 4 187.3 
84 31 181.9 
611 213 169.9 
111 47 176.2 
195 78 160.2 
2812 1119 190.8 
74 38 212.3 
99 48 202.8 
273 110 199.1 
183 84 185.6 
227 85 174.7 
116 55 230.9 
246 101 180.5 
285 138 214.7 
178 78 199.9 
143 60 211 
428 183 194.7 
82 40 218.9 
373 156 197.9 
1885 713 172.9 
44 21 230.9 
154 68 213.7 
162 70 185.9 
365 157 211.8 
99 41 183.7 
155 69 204.5 
223 105 219.1 
143 61 213.5 
50 25 219 
127 55 222.6 
71 32 196.5 
310 124 185.3 
102 52 211.3 
2294 871 181.6 
36 22 247.6 
141 63 218.3 
224 99 187.3 
82 34 217.1 
183 85 193 
344 132 170.6 
304 137 195.9 
148 74 210.7 
135 55 211.2 
468 193 176.3 
187 80 220.2 
168 76 216.9 
411 172 187.4 
71 35 229.6 
276 119 207 
592 241 195.4 
36 13 137.3 
126 48 191.1 
189 91 215.6 
137 66 220.1 
52 22 198.4 
38 14 160 
108 56 244 
362 159 189.2 
206 77 193.5 
379 159 198.7 
343 128 187.2 
970 365 177.6 
134 63 255.9 
81 40 227.4 
549 210 185.2 
4118 1757 202.7 
106 48 225.1 
88 39 230.1 
1019 423 187.2 
828 285 162.5 
298 123 208.4 
42 19 217 
117 56 196.1 
117 49 221.3 
36 14 174.1 
215 102 209.6 
663 267 176.7 
93 44 201.4 
182 87 205.4 
158 72 203.7 
788 232 139 
573 219 179.2 
248 156 245.2 
57 25 182.2 
474 163 168.3 
165 76 194.6 
33 16 138.8 
12 6 213.4 
186 81 169.1 
140 58 160.1 
26 9 110.4 
122 45 140 
326 140 181.8 
27 13 212.3 
102 45 151.6 
1184 430 177.3 
6298 2451 157.2 
53 24 154 
107 55 190.7 
455 200 184.8 
1217 464 169.3 
545 193 151.8 
45 19 160.4 
35 16 173.3 
210 97 188.4 
98 44 224 
583 206 172.6 
1401 577 199.4 
1006 396 192.2 
57 25 200.1 
39 10 133.3 
63 28 224.9 
102 38 177.8 
116 52 216.1 
161 64 197.8 
2082 759 178.8 
41 20 250.7 
135 48 212.2 
169 77 211.4 
124 37 140.5 
111 49 222.7 
394 155 205.9 
211 80 225.1 
105 47 217.7 
2350 941 188.6 
179 78 208 
1015 377 182.9 
478 203 198.7 
81 37 209.6 
188 90 205.7 
594 215 186.5 
47 22 181.9 
155 63 186.4 
189 78 181.5 
1619 680 193.6 
760 318 199.7 
106 41 180.7 
146 54 188.2 
707 279 189 
46 18 172.2 
110 46 191.3 
157 64 202.5 
168 75 233.1 
238 92 190.3 
61 28 212.5 
120 48 201.2 
209 87 200.6 
497 202 217.8 
272 106 198.1 
282 118 200.6 
1273 458 177.7 
599 250 207.1 
27 10 142.5 
549 234 213.2 
134 65 220.2 
328 113 180.3 
207 85 204.5 
296 125 224.8 
256 110 205 
126 42 182.8 
65 30 195.6 
73 24 148.2 
96 41 227.5 
600 242 188 
486 200 188.2 
1620 607 173.3 
177 69 167.5 
383 136 165.4 
741 308 193.2 
284 108 169.4 
236 99 170.6 
371 154 189 
929 355 187.5 
128 53 194 
208 82 173.6 
313 139 200.2 
250 93 180.1 
242 110 216.7 
1246 451 173.7 
517 183 172.2 
2676 977 176 
4499 1714 171 
406 153 175.2 
174 69 185.6 
862 326 171.1 
522 207 195.5 
572 239 186.7 
210 84 185.4 
1037 367 155.6 
166 64 154.8 
1302 450 169.9 
1186 346 131.9 
140 59 180 
4139 1292 120.1 
3222 1302 172.7 
254 100 173.8 
433 180 181.5 
151 64 216.5 
280 111 161.9 
782 320 181 
564 221 204.3 
413 164 186.8 
3144 1419 226 
1892 685 163 
860 313 157 
53 24 189.6 
192 78 158 
595 243 139.1 
202 83 173.1 
32 14 193.7 
554 261 184.8 
78 30 181.5 
73 35 167.3 
176 74 152.8 
28 13 182.9 
248 113 180 
283 122 167.6 
31 12 158.8 
106 51 191.1 
41 13 112.5 
37 15 126.3 
27 11 168.7 
171 62 137.3 
295 80 104.1 
102 38 155.9 
1009 268 119.3 
73 25 155.5 
37 13 113.2 
26 8 105.4 
44 19 179.8 
156 48 131.1 
34 12 136.9 
39 14 129 
49 19 131.6 
33 11 138.7 
9 4 166.4 
3540 1056 130.9 
35 16 123.9 
97 39 156.7 
93 35 154.2 
142 32 123.6 
208 59 146.7 
97 35 133.2 
1251 361 120.4 
81 20 114.5 
672 223 124.8 
12 4 129.3 
858 275 134.2 
192 76 173.3 
261 100 176.1 
188 76 184.3 
737 252 159 
48 17 171.3 
232 95 187.8 
48 16 206.1 
128 48 173.7 
174 63 175.5 
161 66 172 
393 150 178.8 
343 123 165.8 
274 112 183.7 
369 133 160.4 
221 106 216.2 
425 174 143.8 
98 50 189.5 
84 35 216.5 
181 81 183.9 
86 36 178.9 
657 224 136.5 
391 163 167.1 
31 14 173 
44 20 220.5 
180 68 148.7 
104 39 165.3 
105 56 175.8 
82 39 191.8 
267 115 160.1 
163 65 201.8 
168 78 172.5 
50 23 214.2 
76 33 182.2 
1557 496 165 
77 38 197.4 
29 13 169.4 
209 90 187.1 
56 24 179.2 
74 46 218.9 
138 60 185.4 
66 29 183.4 
3959 1229 126.9 
272 116 162.9 
78 30 138 
136 56 176.5 
316 124 162 
389 157 185.3 
94 46 189.4 
224 90 200.4 
138 43 153.4 
84 50 196 
85 32 156.5 
69 24 174.7 
211 97 178.3 
568 185 163.7 
1459 565 169.1 
479 163 147.7 
416 176 190.6 
123 54 169.9 
38150 14010 148.4 
611 212 147.5 
1625 483 135.2 
116 43 147.6 
513 197 167.5 
877 343 162.9 
57 24 160.8 
45 13 102.1 
155 62 192.7 
68 34 195.6 
1601 551 140.8 
815 298 170.2 
628 227 144.9 
12694 4410 143.8 
1948 686 153.4 
134 53 167.2 
8857 3377 154.6 
6346 2389 168.9 
216 75 150.4 
7241 2778 168 
419 189 187.9 
13294 4895 157.1 
3948 1387 145.1 
2718 1065 168.9 
1459 520 149.4 
3648 1186 140 
1912 664 142.3 
7334 2355 135 
1225 396 145.4 
1108 465 192 
16 9 158 
257 106 189.1 
290 133 192.6 
2017 744 176.7 
2647 962 163.1 
2075 793 164.9 
386 155 155.1 
372 139 174 
98 41 189.4 
1436 564 155.2 
412 142 159.9 
3629 1234 146.1 
252 108 217.4 
760 282 158.9 
291 116 182.8 
1522 557 162.4 
62 24 165.7 
2362 753 140.1 
68 17 105.2 
24 13 188.6 
24 13 176.2 
1159 340 124.1 
215 80 158.4 
322 138 170.6 
105 39 140.8 
10 4 124.5 
50 15 139.4 
33 14 138.1 
17 7 116 
22 7 110.7 
31 11 160.8 
178 78 163.5 
2459 909 163.7 
7 4 122.2 
406 158 193.8 
984 259 128.4 
138 26 80.8 
102 32 148.3 
2600 825 148.5 
288 110 166.2 
183 58 126.4 
22 7 129.8 
47 16 123.2 
40 12 102.6 
52 21 151.5 
2635 846 141.7 
8 5 200.9 
40 17 161 
23 8 152.5 
233 69 129.3 
1230 419 134.1 
80 35 162.2 
26 11 147.4 
105 42 150.7 
724 281 153.9 
615 264 201 
55 21 164.1 
148 54 147.9 
208 87 151.4 
126 53 162 
100 41 150.9 
20 7 106.1 
74 23 137.9 
26 10 136 
64 12 59.7 
3168 1154 173.9 
113 37 160 
4431 1477 161.5 
387 149 153.9 
2371 1004 180 
715 291 164.4 
7861 2722 159.6 
64 16 146.9 
3932 1349 160.9 
3012 1037 176 
3190 1170 178.6 
4132 1539 171.5 
92 42 177 
62 24 154.2 
484 207 166.7 
228 81 179.3 
161 66 167.7 
114 50 202.3 
47 22 182.5 
223 115 155.7 
616 262 182.3 
125 50 179 
945 370 179 
202 92 170.7 
691 315 187.7 
228 125 181.6 
177 64 167.7 
180 78 184.5 
120 49 169.7 
120 46 157 
49 24 195.8 
114 46 173 
416 153 164 
155 65 174 
781 314 188.1 
112 37 126.7 
571 210 160 
86 36 166 
132 53 165.9 
196 78 184.4 
471 188 165.9 
743 253 153.9 
280 119 182.8 
110 54 217.8 
19 9 228.8 
4630 1813 189.9 
238 95 179.8 
233 91 184.3 
297 113 185.3 
845 282 153.4 
522 181 161.9 
39 18 163.1 
108 57 149.8 
182 99 168.1 
308 119 155.1 
100 41 170.1 
1069 371 166.8 
105 45 168.7 
819 344 186.8 
102 45 195.2 
249 125 163.8 
316 141 176.8 
123 55 208.5 
257 101 168 
659 238 166.9 
107 37 131.8 
162 61 161.1 
160 70 168 
218 72 177 
560 217 185.6 
116 55 209.5 
707 237 153 
2221 750 155.3 
333 147 189.4 
158 70 181.1 
891 332 172.9 
442 165 156.6 
114 36 128.4 
63 27 159.8 
146 58 215.9 
77 26 151.5 
67 30 196.6 
28 15 152.2 
191 81 169 
72 31 159.5 
37 13 163 
49 19 147.8 
435 159 156.1 
73 27 143.3 
367 139 168.2 
16 7 180.6 
158 61 152 
54 20 141.5 
173 65 168.7 
33 11 126.9 
155 49 141.1 
83 23 136.9 
68 24 132.8 
50 21 182.3 
37 17 182.6 
48 17 157 
98 48 210.5 
51 24 171.2 
141 60 225.1 
239 98 179.8 
959 398 206.7 
1189 413 175.5 
110 48 239.7 
55 22 220.9 
7 4 257.8 
136 55 193.2 
728 285 193.7 
102 42 194.1 
42 17 199.1 
75 35 216.1 
346 141 178.6 
55 22 171 
180 70 168.3 
232 82 163.5 
397 149 161.9 
82 33 211.9 
118 59 236 
459 225 249.7 
165 76 234.6 
194 86 212.5 
285 121 185 
430 269 292.5 
146 66 205.5 
184 88 213.6 
227 80 174.3 
67 28 194.5 
137 59 181.3 
116 48 185.3 
54 27 204.2 
160 56 147.8 
178 83 224.4 
326 137 208.6 
69 28 202.6 
235 101 215.8 
150 59 180.8 
129 63 203.2 
40 24 254.5 
697 222 157.3 
158 62 211 
33 13 215.1 
146 58 183.7 
75 40 200.5 
93 39 214.2 
126 63 230.1 
70 37 235 
141 64 215.5 
106 45 175.7 
116 49 184 
49 21 236.9 
144 47 149.4 
77 39 202.5 
250 103 192.1 
269 127 241.1 
101 49 209.4 
69 28 214.5 
49 24 219.7 
114 45 181.7 
90 39 235.8 
139 58 207.4 
105 43 162.6 
74 35 156 
34 21 222.4 
150 64 196.1 
198 85 172.8 
61 30 172.5 
100 50 211.1 
164 72 209.6 
74 31 190.4 
639 229 166.2 
465 195 189.9 
254 126 220.7 
62 26 199.3 
228 84 180.1 
279 107 152.7 
360 153 170.3 
59 28 197.3 
39 21 255.8 
473 207 182.5 
82 40 172.7 
52 22 166.7 
337 119 146.6 
47 22 228.4 
1089 386 176.4 
115 51 196.5 
376 139 168.6 
100 40 179.9 
150 65 206.8 
45 23 194.1 
95 40 179.1 
47 23 206.3 
47 19 123.4 
90 45 200.1 
64 35 166.5 
168 93 230 
550 210 180 
1962.667684 7 136.2 
1962.667684 6 134 
1962.667684 13 197.8 
1962.667684 9 150.7 
1962.667684 3 156.9 
1962.667684 17 155.4 
1962.667684 5 164.2 
1962.667684 19 194.7 
1962.667684 79 162.2 
1962.667684 5 122.6 
1962.667684 4 127.6 
1962.667684 31 178.7 
1962.667684 42 173 
1962.667684 11 165.8 
1962.667684 796 146.8 
1962.667684 9 209.6 
1962.667684 16 129.4 
1962.667684 6 141.4 
1962.667684 4 148.6 
1962.667684 126 166.5 
1962.667684 9 164.5 
1962.667684 31 219.4 
1962.667684 6 129.1 
1962.667684 65 182.9 
1962.667684 70 161.2 
1962.667684 30 143.8 
1962.667684 25 150.8 
1962.667684 11 176.2 
1962.667684 56 150.2 
1962.667684 16 151.3 
1962.667684 99 208.4 
1962.667684 20 193.4 
1962.667684 7 165.4 
1962.667684 25 147.7 
1962.667684 42 183.5 
1962.667684 7 128.7 
1962.667684 10 109.9 
1962.667684 39 181.3 
1962.667684 12 166.2 
1962.667684 13 151.2 
1962.667684 18 182.5 
1962.667684 16 171.1 
1962.667684 36 153.9 
1962.667684 25 177.9 
1962.667684 9 177.8 
1962.667684 152 172.6 
1962.667684 15 154.1 
1962.667684 24 173.6 
1962.667684 70 154.3 
1962.667684 13 164.7 
1962.667684 8 114.3 
1962.667684 20 151.9 
1962.667684 118 175.6 
1962.667684 11 160.5 
1962.667684 864 171.5 
1962.667684 29 164.4 
1962.667684 374 171.6 
1962.667684 7 143.1 
1962.667684 14 161.6 
1962.667684 13 157.6 
1962.667684 9 126 
1962.667684 4 127.9 
1962.667684 10 148.2 
1962.667684 53 170.1 
1962.667684 15 154.5 
1962.667684 9 177.9 
1962.667684 14 150.3 
1962.667684 4 175.5 
1962.667684 18 172.4 
1962.667684 6 177.6 
1962.667684 23 171.1 
1962.667684 16 293.9 
1962.667684 326 221.8 
106 46 200.2 
101 47 195.1 
119 47 202.2 
51 22 191.3 
258 102 192 
79 33 238.5 
177 80 223 
526 183 175.7 
120 45 176.5 
332 130 198.2 
176 68 179.1 
61 23 236.8 
87 38 232.3 
126 51 199.5 
407 126 174 
72 32 202.9 
92 40 224.7 
211 84 195.3 
507 194 198.6 
37 16 213.4 
60 26 217.3 
176 76 232.1 
103 52 254.3 
296 115 183.6 
219 89 210.6 
131 59 266.2 
58 29 202.4 
108 47 205.8 
832 322 160 
29 11 150.7 
59 21 136.5 
81 23 125.2 
24 10 145.4 
22 5 97.9 
15 6 133.8 
66 15 87.6 
123 38 145 
26 9 118.4 
157 74 198.2 
883 329 150.7 
54 24 184.3 
5047 1524 142 
5129 1741 157.5 
1190 389 151.2 
1021 339 154.9 
5021 1788 169 
1573 534 162.6 
754 239 152.3 
569 229 172.2 
125 53 212.4 
176 74 200.3 
940 347 190.7 
2780 1022 177.2 
1447 525 168.7 
2881 1084 182.3 
1031 426 182.4 
131 56 206.1 
1003 395 191.5 
147 72 209.9 
3721 1571 181.2 
8954 3397 157.6 
58 19 154.5 
68 32 174.7 
1366 561 149.8 
1269 557 184.3 
935 357 182.6 
1869 756 123.2 
376 170 203.3 
176 73 160.4 
103 48 195.9 
4383 1638 189.2 
1537 662 186.7 
98 39 197.7 
698 300 174.6 
66 34 216.2 
224 101 184.7 
85 48 209.2 
68 28 135.3 
89 39 189.1 
56 32 188.4 
119 47 161.9 
138 60 163.7 
1300 567 178.1 
115 47 194.1 
769 335 161.6 
6000 2154 168.9 
67 50 191.5 
1056 472 167.3 
74 35 173.5 
34 19 208.1 
2251 879 171.3 
3895 1519 142.1 
950 369 155.8 
561 227 189.6 
296 139 232 
32 17 220.4 
70 41 166.9 
2013 823 146.7 
2696 1089 183.4 
1068 446 146.5 
11495 4052 137.3 
420 181 168.5 
466 171 176.3 
879 380 182.8 
314 146 211.1 
216 101 203.3 
4568 1645 161.7 
1081 413 155.6 
8287 3265 144.3 
3154 1281 176.4 
5978 2528 165 
3846 1386 168.1 
505 226 211.6 
1072 381 149.9 
1630 692 162.4 
3400 1382 186.7 
708 314 190.7 
3000 1247 146.4 
1940 729 160.8 
1067 358 142.9 
240 120 198.7 
120 57 198.5 
214 61 362.8 
3119 1430 178.3 
143 63 209.3 
570 189 169.8 
266 120 206.1 
222 106 207.3 
91 47 225.5 
17 10 258.7 
1083 392 169.2 
29 16 195.8 
473 201 186.9 
30 16 192.4 
91 41 205.3 
420 182 210.2 
124 61 205.2 
241 112 182.4 
31 14 202.1 
24 12 186.6 
322 138 184.6 
173 81 227.9 
244 114 193.7 
30 13 174.4 
35 14 174.7 
15 8 223.9 
22 8 159.7 
74 34 200 
92 43 226.9 
124 58 209.2 
42 21 231.3 
57 30 215 
269 124 203.1 
81 31 174.7 
62 29 226.1 
54 28 191.7 
219 132 214.4 
162 82 198.3 
204 76 160.2 
55 25 200.2 
196 66 175 
183 83 202.4 
145 69 202.4 
51 20 182.3 
99 43 196.9 
221 102 202.5 
84 38 203.3 
400 179 211.7 
69 27 181.6 
55 28 189.7 
71 37 237.1 
3322 1373 186.1 
238 107 214.1 
242 108 173.6 
166 96 229.7 
92 47 213.8 
295 119 177.4 
248 118 195.8 
203 86 195.7 
361 152 190 
59 39 226.4 
18 8 153.2 
432 170 174.5 
152 68 208.9 
187 109 214.9 
257 114 189.1 
73 28 153.1 
41 18 166.1 
2938 1155 183.9 
336 137 177.5 
312 131 185.2 
65 29 186.9 
48 14 125.3 
86 35 155.7 
110 46 169.5 
361 140 155.6 
1976 720 160.2 
231 93 180.2 
265 108 185.7 
450 209 200.3 
137 46 144.3 
170 88 189.8 
929 305 154.3 
684 334 189.2 
16 5 174.2 
47 17 131.4 
39 18 162.7 
104 41 166.7 
1208 509 172.4 
91 42 163.9 
640 281 199.7 
383 159 177.9 
48 17 139.2 
1780 748 169.1 
342 152 199.9 
675 273 186.5 
157 61 164.4 
1588 586 168.9 
61 23 191.7 
3314 1262 177.1 
416 153 165.5 
16 5 180.4 
170 67 165.1 
348 148 181.2 
146 59 169 
66 26 141 
301 106 162.4 
32 17 178 
106 47 170.1 
169 75 217.2 
569 241 185 
275 127 189.4 
625 263 203.2 
271 105 192.1 
269 110 189.7 
406 185 185.2 
264 112 213.3 
1721 706 189 
180 67 172.8 
215 90 190.1 
814 360 200.6 
1007 370 178.7 
231 108 224.3 
624 259 178.3 
214 96 203 
276 113 184.6 
7637 3091 187.1 
293 128 179.6 
211 91 188.6 
747 234 152.1 
495 208 193.7 
720 272 173.4 
152 68 194.3 
183 94 181.2 
174 78 201 
513 173 142.4 
789 295 159.2 
237 111 215.8 
4146 1677 185.1 
375 158 175.7 
150 65 185.1 
97 47 201.4 
134 60 162.8 
223 107 199.8 
167 75 205.9 
126 59 147.4 
311 140 206.3 
173 83 210.9 
439 197 194.7 
363 131 179.5 
1415 558 182.5 
335 155 201.5 
888 349 188.8 
252 114 205.6 
1653 664 182.1 
1813 976 196.2 
211 91 197 
1511 661 190.7 
395 160 202 
894 325 167.4 
130 62 206.9 
219 95 181.9 
562 230 177.8 
88 41 188.9 
2919 1252 186.9 
89 39 187.9 
183 75 185 
480 225 211.5 
74 27 122.5 
276 114 185.3 
107 52 215.5 
179 79 200.6 
282 121 197.4 
156 75 217.9 
796 323 186.3 
244 101 192.7 
168 64 154.6 
703 305 186 
401 181 203.9 
316 149 193.8 
476 198 203 
297 123 174 
217 92 167.3 
2131 880 176.4 
2841 1203 178.1 
1343 549 187 
527 210 168.7 
221 77 165.7 
156 67 172.1 
72 29 184.3 
938 334 160.4 
387 159 186.2 
554 233 170.3 
193 91 185.1 
533 232 173 
129 57 190.6 
100 52 220.9 
36 14 159.5 
76 26 151.7 
24 12 181 
98 43 182.4 
62 24 180.2 
221 101 191.7 
145 73 211.4 
53 20 150.3 
149 66 185.4 
2147 713 145.5 
11 4 144.6 
512 193 168.6 
590 219 165.3 
7913 3100 182.1 
442 177 171.1 
1133 466 180.2 
330 110 151.2 
2265 816 162.4 
819 328 179.4 
406 163 183.8 
3803 1328 168.7 
1149 405 169.7 
979 366 168.5 
43 14 159.6 
439 177 191.8 
626 208 142.4 
2688 894 159.1 
248 92 179.4 
516 212 183 
232 98 196.6 
424 151 175.2 
551 224 191.8 
1332 473 154.6 
1417 534 169.1 
3395 1270 187.4 
235 93 189.9 
1566 620 182.5 
932 394 198.7 
49 22 206.5 
877 323 162.2 
88 34 177.5 
240 95 193.5 
248 105 172.7 
457 172 151.6 
304 120 183.2 
124 54 162.9 
1370 549 178.3 
2737 1032 157.6 
620 255 186.1 
814 321 172.8 
2001 741 168.4 
2153 836 181.1 
766 280 178.5 
260 101 170.4 
792 320 186.7 
304 113 168.3 
866 334 180 
4749 1672 161.8 
124 41 152.6 
1931 677 172.7 
620 248 177.5 
259 103 189.7 
8236 3303 211.7 
346 120 157.4 
114 52 191.9 
992 409 186.6 
224 78 159.2 
494 189 159.4 
59 21 186.2 
258 100 163.6 
275 104 174.7 
227 81 144.9 
369 160 199.4 
295 113 179.3 
1356 561 186.3 
321 139 179.4 
2461 982 175.3 
189 71 191.7 
2467 883 170.2 
306 104 142.2 
1034 410 184.1 
518 193 164 
3257 1254 173.6 
765 265 162.2 
143 61 183.7 
753 330 164.3 
49 23 197.6 
1069 409 177.3 
91 39 187.5 
101 55 212.1 
1000 352 146.9 
786 287 175.8 
93 30 150.9 
1760 668 173.7 
312 120 187.8 
197 86 215.6 
228 109 206.2 
217 90 194.1 
225 105 211.7 
369 168 206.8 
150 73 204.7 
618 210 172.9 
123 48 157.8 
138 62 201.9 
677 297 195.5 
431 173 190.9 
2249 860 175.4 
92 45 183.2 
250 101 160 
161 63 159.3 
107 47 182.1 
76 42 215.5 
1348 490 131.2 
71 29 182.2 
25 11 136.9 
164 80 179 
33 14 163.3 
145 55 183 
270 105 174.1 
34 15 192.3 
61 25 167.3 
15 7 187.5 
25 9 151.8 
53 26 182.5 
16 8 187.2 
117 54 177.4 
561 221 158.3 
86 42 197.7 
15 7 156.8 
203 84 169.2 
239 91 184.5 
9 5 192.3 
16 6 150.1 
15 7 165.6 
26 14 174.1 
29 9 177.9 
64 25 165.4 
73 33 180.8 
29 15 184.1 
118 49 167.1 
10 5 151.4 
37 18 148 
22 12 202.7 
45 23 166.7 
112 54 196.8 
538 230 190.1 
8 4 122.6 
605 236 175.4 
2708 1015 142.9 
149 57 144.8 
83 34 151.9 
182 81 179.1 
144 64 158.1 
25 10 163.3 
30 15 173.5 
1931 592 133.4 
59 24 156.3 
103 46 180.2 
55 25 155.7 
47 23 164.8 
1336 569 191.2 
16 10 164.8 
181 79 157.5 
45 15 139.8 
86 43 179.2 
139 50 178.7 
678 278 182.3 
579 258 189.9 
109 61 198.4 
566 219 162.9 
142 61 173.4 
21 12 223.2 
56 28 182.8 
27 8 129.1 
24 9 142.3 
278 117 190.7 
14477 5108 161.4 
314 129 176.3 
18 8 116.7 
34 16 172.4 
515 188 149.5 
16 8 189.7 
499 215 190 
2092 763 123 
205 91 186.4 
94 37 155.2 
340 140 167.2 
173 80 181.2 
124 61 176.8 
169 69 181.9 
8 4 110.4 
465 195 198.5 
110 42 158.9 
9 3 142.5 
43 17 166.4 
72 35 189.2 
202 86 188.9 
12 7 168 
1195 510 187.7 
22 12 202.2 
153 72 164.6 
675 276 185 
95 41 179.9 
71 31 178.1 
171 63 132.7 
336 152 166.3 
28 15 183.1 
18 11 179 
130 48 164.1 
19 10 165.2 
292 120 187.3 
61 32 183.6 
100 55 215 
21 9 135.7 
121 47 148.2 
74 31 143.4 
101 54 205.4 
309 152 203.2 
127 60 201.8 
12 4 106.1 
52 24 147.1 
149 68 168.7 
1107 425 163.7 
21 11 154.4 
51 24 186.9 
1034 447 181.6 
60 26 165.3 
71 35 205 
16 7 153.2 
22 13 187.2 
181 72 166.6 
168 71 150.2 
178 82 155.6 
11 7 173.9 
520 197 148.3 
142 72 206.1 
30 12 135.8 
43 21 211.8 
119 59 209.9 
1929 709 164.9 
75 32 179.8 
75 35 196.3 
273 116 185.9 
242 113 201.9 
62 35 200.7 
81 36 187.7 
1403 577 163.6 
40 18 198.4 
10 4 181.3 
453 188 200.1 
164 66 183.7 
119 55 187 
575 218 176.4 
38 14 142.1 
51 19 129 
341 139 215.6 
528 212 185.1 
21 7 66.3 
71 29 175.1 
539 202 160 
11 4 133.1 
20 10 166.8 
83 41 201.1 
47 20 148.3 
54 23 217.1 
91 37 169 
62 27 174.2 
242 108 174.4 
81 38 199.9 
53 28 182.2 
161 77 215.4 
306 139 202.5 
28 14 153.9 
15 7 205.8 
87 39 203.5 
18 9 182 
122 60 193.9 
9 6 178.8 
1007 382 157.5 
43 18 168.2 
185 70 136.5 
60 28 211.3 
9 5 172.6 
17 7 138.2 
37 15 133.2 
6894 2471 164.3 
573 252 178.2 
60 26 178.9 
13 6 200.7 
120 49 155.8 
532 199 159.3 
113 46 190.7 
115 56 188.1 
207 92 186.3 
12 6 166.7 
102 48 152.7 
176 70 143.9 
302 133 182.9 
424 161 165.8 
302 101 164.6 
145 64 163.1 
105 43 180.8 
42 19 172.8 
1333 552 173.6 
66 33 209.2 
60 25 186.1 
152 74 222.5 
68 35 179.4 
27 13 154.1 
50 20 150 
214 109 204.4 
74 30 216.3 
3240 1365 188.9 
576 239 187.3 
1024 438 203.6 
227 87 183.4 
25 14 217.7 
185 80 183.2 
187 76 174.5 
194 88 178.5 
58 28 212 
240 98 191.5 
86 37 197.9 
93 44 203.2 
81 49 201.2 
94 34 141.8 
78 38 225.4 
35 24 187.4 
181 70 188.8 
22 11 180.7 
129 65 202.1 
81 47 270.5 
70 31 179.9 
51 18 140.3 
84 32 176.9 
135 67 203.7 
105 57 229.7 
205 134 185.9 
98 43 168.8 
55 27 167.7 
71 27 161.3 
60 31 190.2 
81 52 239.8 
100 42 174.4 
227 109 217.1 
206 82 163.8 
113 44 192.5 
397 138 152.6 
155 71 183.4 
182 65 196 
34 16 205 
48 28 205.2 
134 57 191.8 
132 57 204.2 
38 18 181.8 
87 46 236 
1691 583 162.9 
57 30 178.8 
85 44 187.7 
383 165 216.8 
5880 2089 166 
126 62 205.8 
22 13 208.7 
21 14 195.4 
230 99 205.4 
42 24 210.7 
43 14 147.4 
175 85 206.6 
205 92 169.4 
37 18 196.5 
294 121 173.6 
134 58 161.3 
110 54 194.4 
172 68 177.6 
121 59 207 
106 49 240.5 
181 65 166.7 
13 7 171 
118 52 203.2 
1526 667 214.3 
50 15 121.4 
50 15 140.6 
36 12 170.1 
27 13 163.7 
62 20 129.1 
446 169 165.2 
33 11 136.8 
13 6 197.5 
61 22 178.3 
57 29 196.9 
20 6 162 
570 171 150.6 
337 109 137.9 
59 24 198.9 
7 3 231 
19 7 113.2 
84 31 178 
65 25 185.5 
16 6 179.5 
690 257 194.4 
378 143 173.8 
570 170 157.1 
10502 3405 138.8 
980 352 188.4 
2648 832 161.7 
1715 501 142.9 
632 235 183.7 
1299 446 174.2 
890 343 175.7 
193 73 172.8 
125 47 184.2 
216 73 162.7 
581 230 178.7 
8895 2817 163.8 
451 170 178.8 
324 106 160.5 
449 154 159.5 
1080 398 170.8 
455 166 177.9 
418 159 198.4 
564 198 175.5 
5438 1716 145.3 
281 87 181.1 
159 60 178.4 
827 327 178.7 
207 79 174.4 
76 28 157.1 
137 59 186.1 
186 71 169.3 
102 38 152.8 
345 130 194 
121 51 175.3 
168 73 161.4 
702 291 169.2 
1434 516 162.7 
560 222 188 
880 302 173.6 
464 202 195.5 
46 16 143.8 
483 190 191.5 
152 60 188.2 
796 319 176.4 
384 149 146.8 
197 82 179.9 
95 44 189 
83 31 163.6 
574 232 194.3 
298 139 193.6 
554 228 181.1 
1248 501 186.1 
107 51 199 
192 69 163.2 
943 346 177.5 
262 94 169.3 
276 111 164.5 
304 132 192.1 
1882 700 179.9 
317 123 183.4 
1121 451 193.5 
56 26 171.5 
51 20 160.7 
344 124 188.4 
105 43 183.2 
2573 853 163.9 
332 145 199.5 
501 190 182.9 
400 147 157.6 
777 275 151.8 
136 58 184.3 
156 64 191.8 
67 32 240.8 
55 27 211.2 
53 19 185.7 
597 234 199.4 
76 32 202.5 
32 16 163.8 
98 47 258.6 
1395 490 176 
89 33 191.3 
257 114 248.2 
297 127 215.7 
47 24 240.2 
44 20 234.4 
105 42 204.6 
123 48 205.4 
232 97 201.1 
171 73 230.6 
65 31 195.3 
257 104 211.9 
41 22 223.6 
526 205 202.2 
182 98 277.1 
113 45 196.4 
115 54 243.5 
259 110 202.4 
104 43 233.2 
30 14 197.8 
286 117 196.7 
102 49 211.7 
108 51 185.8 
124 56 208.3 
174 71 170 
427 183 202.3 
185 86 197.4 
954 327 146.5 
350 140 184.8 
200 84 183.5 
645 231 167.4 
292 124 191 
440 187 172.2 
204 89 195.8 
239 111 220.4 
178 78 204.7 
123 53 202.5 
174 67 169.5 
146 61 206 
627 242 165.1 
225 88 183.5 
383 162 187.2 
142 59 167.5 
2624 1086 195.2 
622 256 192.5 
275 119 197.2 
746 320 195.2 
3882 1714 201 
245 96 163.7 
67 26 194.4 
182 79 183.5 
507 205 168.5 
192 82 171 
381 151 200.8 
76 36 194.1 
212 95 186.5 
42 16 195.6 
117 50 201.5 
131 56 215.1 
92 37 171.8 
108 51 208.1 
71 30 174.1 
851 319 178.4 
142 53 168.7 
79 33 183.2 
188 85 197.1 
167 69 198.5 
151 70 201.4 
102 48 222 
1337 550 180.3 
129 59 217 
250 96 184.1 
114 47 174.6 
142 64 222.9 
168 72 172.6 
114 54 206 
58 29 232.3 
641 243 169.1 
90 35 159.2 
43 17 192.3 
895 395 182.7 
107 45 209.6 
569 242 201.2 
196 85 185.3 
49 20 177.2 
307 113 165.1 
163 67 205.3 
414 184 202.8 
139 56 157 
149 69 206.3 
180 72 179.7 
51 22 178.9 
32 11 171.3 
86 30 142.4 
92 36 176.1 
47 19 176.9 
141 54 163.2 
705 261 170.9 
143 60 171 
133 44 129.8 
121 49 188.1 
102 39 149.1 
95 37 156.6 
80 33 181.5 
124 56 176.6 
97 49 218.8 
119 38 147.9 
299 101 154.2 
83 29 135.4 
81 31 161.9 
55 25 198.5 
108 44 171.5 
116 46 168.3 
305 127 191.8 
98 34 148.6 
267 80 132.6 
47 19 158.6 
51 24 209.1 
102 38 154.1 
272 98 170.1 
139 46 156.1 
41 19 210.3 
12 6 234.9 
121 54 216.4 
40 17 161.2 
61 31 159.8 
61 25 218.9 
248 110 199 
207 78 183.9 
141 61 201.3 
106 41 193.1 
31 15 193.7 
344 134 186 
51 21 197 
59 23 189.8 
178 63 159.3 
161 64 189.5 
345 177 212.7 
415 169 193.3 
175 78 180.1 
31 16 194.6 
112 46 186.4 
157 65 205.6 
10 6 143.1 
27 14 179.9 
169 54 144.6 
409 178 182.8 
49 21 195 
69 32 210 
57 21 178 
113 40 160 
911 343 147.6 
4646 1562 135 
326 130 149.4 
734 247 139.9 
1757 561 151.6 
27 7 121 
297 118 151.5 
30 12 143.2 
61 28 222.2 
183 68 155.8 
89 21 94.4 
48 14 163.9 
256 100 175.5 
409 134 137.4 
57 24 161 
13 4 107.2 
792 271 154.8 
35 15 184.5 
81 32 133.7 
61 24 164.7 
29 11 160.5 
116 40 180 
45 18 136.3 
53 20 140.9 
122 47 190 
81 28 151.5 
97 41 162 
88 30 136.4 
92 31 147.6 
777 291 173.4 
134 50 148.9 
55 20 142.6 
33 12 185.6 
22 7 145.9 
74 22 125.2 
92 39 163.5 
245 102 180.1 
19 8 141 
56 19 152.5 
120 45 166 
30 9 114.3 
95 44 225.1 
25 8 114.2 
399 144 165.4 
54 18 131.6 
72 28 173.6 
403 158 167.4 
44 20 181.1 
104 39 171.7 
245 87 163.7 
37 12 165.8 
229 87 172.2 
35 12 152.3 
115 50 194.4 
74 33 195.3 
781 267 152.5 
245 95 196 
100 45 199.1 
97 37 190 
210 78 167 
267 108 176.1 
24965 9445 177 
139 52 191.5 
69 30 201.4 
437 155 171.7 
109 43 195.5 
114 44 177.5 
4427 1457 152.7 
118 48 177 
48 19 189.9 
748 187 129.9 
140 58 198.3 
3906 1311 165.3 
156 51 136.4 
18 9 211.1 
432 168 168.9 
266 105 191.7 
124 58 199.1 
115 43 177.8 
2732 808 146.1 
244 94 180.5 
844 270 153.5 
43 20 160.6 
162 69 213.9 
160 51 139.4 
146 61 166.4 
62 24 178.8 
825 280 175.9 
576 225 174 
50 23 192.8 
303 124 213.2 
73 25 169.3 
68 29 171.6 
93 44 211.2 
41 22 215 
46 20 167.8 
150 50 162.1 
103 42 204.1 
43 20 209.2 
253 98 169.7 
132 44 192.8 
185 65 170.3 
42 21 196.7 
41 20 180.9 
457 167 180.9 
169 50 158.1 
116 53 219.5 
69 28 143.9 
74 34 214.9 
168 71 227.2 
39 17 159.3 
125 49 173.9 
36 17 200.8 
131 46 179.7 
145 45 139.2 
43 15 163.1 
106 39 172.3 
176 77 204 
947 362 190 
431 161 182.4 
157 45 140.8 
81 27 150.6 
542 173 173.2 
135 60 222.3 
196 68 176.4 
100 48 219.8 
90 41 224.3 
51 20 127.1 
129 55 186.9 
20 10 250 
114 44 169 
38 13 127 
903 392 197.6 
373 131 162.1 
19 8 151.3 
82 39 214.9 
56 23 180.1 
361 139 196.2 
158 70 213.1 
35 15 228.8 
158 63 181.7 
1962.667684 19 178 
1962.667684 100 151.9 
1962.667684 65 161.5 
1962.667684 83 187.8 
1962.667684 111 148.8 
1962.667684 76 168.1 
1962.667684 33 167.2 
1962.667684 82 149 
1962.667684 98 161 
1962.667684 23 184.9 
1962.667684 11 128.7 
1962.667684 32 153.8 
1962.667684 160 176.7 
1962.667684 571 154.4 
1962.667684 32 153.6 
1962.667684 91 160.9 
1962.667684 40 158.9 
1962.667684 50 152.7 
1962.667684 84 164.1 
1962.667684 106 161.6 
1962.667684 17 159.9 
1962.667684 1854 156.8 
1962.667684 40 141.8 
1962.667684 51 156 
1962.667684 72 177.3 
1962.667684 123 177.7 
1962.667684 22 130.4 
1962.667684 35 162.2 
1962.667684 85 147.5 
1962.667684 14 168.3 
1962.667684 37 173.3 
1962.667684 20 145.6 
1962.667684 32 164.5 
1962.667684 11 172.7 
1962.667684 56 166.9 
1962.667684 17 146.8 
1962.667684 49 163 
1962.667684 81 175.4 
1962.667684 15 215.7 
1962.667684 22 148.2 
1962.667684 58 162.5 
1962.667684 48 151.2 
1962.667684 63 190 
1962.667684 74 169.5 
1962.667684 88 155.6 
1962.667684 25 156.4 
1962.667684 47 133.3 
1962.667684 40 138.1 
1962.667684 19 169.9 
1962.667684 224 142.2 
1962.667684 148 156.9 
1962.667684 31 174.2 
1962.667684 63 161.7 
1962.667684 26 173 
1962.667684 78 184.4 
1962.667684 28 154.5 
1962.667684 903 166.5 
1962.667684 9 157.6 
1962.667684 46 180.7 
1962.667684 42 176.5 
1962.667684 114 168.4 
1962.667684 23 147 
1962.667684 30 158.2 
1962.667684 493 184.8 
1962.667684 148 153.9 
1962.667684 119 170.5 
1962.667684 37 181.7 
1962.667684 239 153.7 
1962.667684 65 145.9 
1962.667684 20 146.2 
1962.667684 27 162.3 
1962.667684 49 147.2 
1962.667684 10 132.3 
1962.667684 48 160.2 
1962.667684 41 187.9 
1962.667684 40 163 
1962.667684 347 152.1 
1962.667684 28 159.7 
1962.667684 12 122.5 
1962.667684 98 166.8 
1962.667684 174 165.2 
1962.667684 25 151.9 
194 89 212.3 
201 87 187.8 
78 33 171.8 
104 52 200.3 
38 22 208.7 
173 87 241.9 
98 43 228.6 
57 28 191.7 
106 40 198.9 
38 18 151.2 
43 18 175.9 
100 41 191.4 
104 47 187.5 
120 70 266.7 
169 65 194.9 
107 48 205.1 
646 281 193.9 
378 152 209.2 
88 40 261 
4320 1623 191.1 
244 91 186.9 
139 69 246.4 
788 311 195.8 
87 41 216.8 
209 85 224.6 
86 35 192.6 
345 138 216.7 
98 49 269.2 
48 25 275.9 
76 36 262.7 
156 67 226.5 
81 39 239.3 
152 59 199.1 
78 30 211.7 
175 68 206.8 
63 27 202 
409 150 168.9 
107 51 265.8 
65 28 215.1 
423 164 205 
81 31 221.5 
110 44 193.4 
221 85 185.3 
71 36 270.4 
121 53 248.1 
147 60 225.1 
43 19 229.5 
143 57 206.3 
63 28 218 
74 33 227.9 
152 61 205.9 
77 36 242.8 
190 85 207.1 
252 85 185.4 
49 23 267.6 
153 65 222.1 
301 85 163.6 
67 21 159.8 
31 16 263.1 
81 31 188.1 
192 93 280.8 
400 182 238.4 
91 40 292.5 
418 178 219.5 
17 9 274 
110 47 228.1 
125 54 235.2 
110 52 214.9 
215 72 179.6 
219 69 155.7 
114 46 225.7 
92 30 180.9 
157 64 205 
63 25 183.7 
94 44 214.9 
53 22 228.4 
77 33 195.5 
522 208 192.7 
66 27 180.2 
128 55 202.2 
83 36 213.7 
217 96 240.1 
50 23 259.5 
142 53 182.8 
323 151 230.5 
123 54 201.6 
455 151 170 
120 51 188.9 
242 111 228 
178 75 198.3 
18 7 153.9 
886 291 165.3 
33 13 190 
2864 853 151.9 
175 78 189.2 
220 89 184 
494 181 156.9 
89 35 183.4 
555 199 169.3 
71 28 197.9 
113 47 164.9 
83 47 238.2 
124 45 179 
130 64 198.3 
2841 914 157.4 
110 47 190.6 
57 21 124.3 
486 187 194.2 
519 185 175.3 
65 28 200.4 
19 5 126.4 
230 87 201.7 
116 47 176.8 
111 52 205 
54 24 194.4 
163 71 182.8 
554 168 140.8 
296 124 165.7 
100 43 202.2 
108 64 209.1 
81 36 174 
32 15 213.5 
48 24 192 
21 6 127.6 
212 86 186.1 
85 26 138.7 
281 114 192 
94 43 218.3 
529 238 194.4 
94 40 180.7 
796 333 199.3 
58 25 162.6 
80 41 210.8 
95 32 159.3 
135 54 208.9 
236 101 184.2 
114 50 203.3 
130 60 240.6 
33 12 162.8 
198 78 193.3 
191 73 173.3 
48 23 174.8 
505 199 194.5 
284 116 161 
44 22 170.6 
1258 473 168.8 
24 9 220.6 
144 62 203.9 
396 141 161.9 
291 120 175.4 
482 219 192 
411 143 159.7 
67 28 211.9 
109 53 214.8 
1549 578 164.7 
122 52 190.3 
191 81 189.8 
473 213 192.7 
2134 925 205.1 
126 54 187 
62 22 176.2 
1023 442 189.8 
653 258 184.9 
70 30 230.7 
110 48 178 
153 62 183.3 
139 56 181.2 
280 121 212.3 
408 168 183 
875 288 154.8 
70 35 216.2 
452 191 197.4 
248 111 200.5 
875 327 179 
429 199 231.3 
95 44 212.2 
70 32 221.7 
148 67 203.4 
8 3 203.3 
1085 352 167.5 
37 20 218.8 
654 267 191.9 
16 7 216.6 
307 105 177.2 
13 4 126.3 
119 41 166.3 
266 96 168.1 
63 25 205 
43 15 181.9 
357 127 184.3 
34 17 277.6 
26 12 256.9 
228 95 208.5 
20 9 199.3 
28 13 150.1 
27 11 184.3 
36 13 191.4 
27 11 206.6 
186 95 142.1 
583 267 154.6 
399 130 119.8 
290 147 163.3 
137 60 174 
158 69 191.2 
32 14 161.2 
129 54 126.1 
15470 5780 146.6 
1424 672 196.6 
370 167 146.8 
4415 1916 155.5 
1342 558 133.5 
149 68 132.8 
1373 595 156.6 
752 291 126.8 
383 155 182.4 
101 49 205.4 
1691 648 178.6 
105 47 179.1 
349 162 219.4 
396 160 167.3 
386 164 202.6 
113 55 247.3 
1195 468 166.8 
77 27 159.8 
177 77 193.6 
161 73 231.1 
198 89 185.1 
493 182 172.9 
506 215 194.1 
609 216 165.3 
1591 629 184.8 
94 40 160.1 
1456 579 181.6 
543 213 185.2 
176 79 207.1 
183 95 224.8 
1030 421 185.8 
18 7 158.3 
98 40 161.7 
13 6 170 
38 16 145 
110 45 162.6 
181 74 154.6 
31 13 174.9 
58 26 194.3 
54 24 181.9 
24 10 138.4 
46 21 170.9 
133 56 166.4 
14 7 195.9 
48 22 158.7 
116 41 151.2 
42 17 150.3 
25 8 113.9 
25 10 229.8 
23 9 166.5 
29 11 162.6 
61 25 187.8 
17 6 146.6 
45 16 150.3 
37 13 169.4 
16 6 170.8 
29 12 145.4 
19 8 130.6 
18 5 154.1 
101 33 162.5 
49 18 130.4 
10 5 148.3 
14 6 161.3 
45 15 165.5 
65 26 155.3 
118 55 161.8 
155 46 120 
20 6 136.6 
33 17 202.5 
13 5 97.3 
27 14 187.6 
109 40 147.9 
11 5 240.1 
15 8 183.1 
840 312 184.3 
32 14 166 
494 187 159.7 
20 11 209.6 
18 8 145.7 
47 25 179.9 
17 5 143 
38 17 153.9 
21 6 159.7 
8 4 179.1 
25 13 238.8 
34 15 162.1 
51 20 154.3 
86 29 166.5 
35 15 146.4 
114 41 137.1 
498 206 195.6 
224 89 184.4 
127 58 238.4 
74 28 171.4 
769 276 172.5 
524 211 184.2 
263 118 218.3 
83 37 210.1 
181 81 207.8 
309 152 193.2 
214 90 238.1 
78 36 180.6 
211 89 218.3 
50 26 217 
222 106 221.7 
301 128 194 
77 34 184.3 
455 183 182 
208 77 180.1 
130 48 165.9 
91 40 188.3 
272 119 215.7 
250 100 193.1 
41 18 213.6 
87 37 197.6 
258 93 193.1 
61 29 236.7 
128 50 170 
28 13 195.3 
47 21 178.2 
326 130 188.5 
202 81 185 
264 101 171.5 
63 23 174.1 
259 99 196 
124 52 175.9 
150 62 166.9 
82 29 175.2 
2075 706 156.6 
612 246 192.2 
413 128 161.7 
335 137 180.1 
3142 1046 160 
742 291 191.3 
96 38 174 
219 90 194.2 
249 90 176.6 
187 76 189.5 
160 65 175.1 
1404 502 181.4 
732 260 168.5 
771 291 197.9 
310 122 185.1 
1528 608 189.2 
271 117 219.1 
88 32 164.3 
108 44 204.9 
100 37 169.8 
80 32 199.6 
104 42 179.9 
190 62 153.4 
193 86 208.6 
221 89 187.8 
88 38 177.7 
281 112 168 
1072 420 194.4 
136 49 174.6 
109 37 164.9 
104 43 176 
27 12 173.5 
44 17 192.1 
40 17 198.1 
197 77 178.5 
113 42 179.3 
878 340 176.2 
1407 556 191.2 
167 67 192.1 
1177 436 185.5 
48 23 214.2 
32 13 169.5 
142 54 164.4 
41 16 160.4 
267 127 182.6 
847 331 192.2 
122 51 206.9 
529 217 203.1 
82 33 197.8 
102 41 172.8 
98 33 162.6 
109 45 180 
110 54 230.3 
367 156 190.9 
2947 1007 176.4 
414 179 207.4 
1551 658 191.5 
215 80 163.5 
162 63 159.3 
1590 629 170.7 
390 164 185.4 
44 19 173.4 
85 34 189.1 
254 110 187.2 
91 40 190.7 
103 43 166.3 
191 89 187.3 
569 232 189.8 
154 62 186.4 
167 76 193.9 
59 24 185.8 
149 64 176.6 
249 110 193.8 
130 57 186.7 
213 87 185.8 
634 255 184.8 
212 91 177.7 
891 350 170.1 
138 70 222.5 
395 149 179 
544 201 167.8 
61 25 160.2 
138 50 151.3 
113 41 165.4 
72 27 165.3 
51 20 181.2 
70 28 186.9 
84 29 151.8 
70 29 168.5 
94 36 153.2 
78 30 171.3 
122 49 169.8 
95 38 178.1 
122 49 183.1 
60 24 165.8 
60 21 129.4 
57 19 159.8 
99 38 163.4 
146 54 191.7 
221 91 181.7 
90 37 163 
511 163 156.2 
123 46 154 
67 28 169.3 
111 36 138.4 
241 92 181.3 
1082 396 169.4 
66 21 148 
56 27 184.7 
70 24 151.7 
79 33 172.2 
133 56 190.3 
191 76 176.6 
239 99 180.9 
88 34 194.9 
67 25 129.6 
71 27 165 
53 24 207.4 
74 26 148.3 
232 84 170.9 
97 41 176.1 
39 17 162 
116 44 179.7 
60 25 152.6 
146 53 156 
48 18 142.7 
2000 778 188.7 
530 204 183.8 
100 43 154.2 
37 17 172.1 
73 32 174.1 
913 346 185.1 
80 29 138.5 
160 57 140.7 
340 117 152.5 
119 46 171.6 
46 19 181.3 
73 31 173.4 
50 21 181.9 
231 86 182.7 
254 89 170.6 
135 49 160.4 
38 16 150.9 
234 86 169.2 
67 27 163.3 
113 40 138.4 
509 197 176.4 
49 16 136.5 
87 34 159.3 
1962.667684 36 196.4 
1962.667684 22 174.8 
1962.667684 37 180.2 
1962.667684 15 197.8 
1962.667684 67 178.3 
1962.667684 34 166.6 
1962.667684 26 184.2 
1962.667684 126 175 
1962.667684 8 177.8 
1962.667684 13 194.2 
1962.667684 9 150 
1962.667684 6 153.7 
1962.667684 24 169.2 
1962.667684 27 178.6 
1962.667684 22 176.6 
1962.667684 7 209.6 
1962.667684 85 184.4 
1962.667684 13 214.7 
1962.667684 52 181.2 
1962.667684 16 160.3 
1962.667684 138 153.7 
1962.667684 9 208.3 
1962.667684 12 215.9 
1962.667684 48 146.4 
1962.667684 15 149.6 
1962.667684 43 150.1 
1962.667684 46 153.9 
1962.667684 52 175 
1962.667684 48 213.6 
